K = [-1651800 2200];
kr = -1636751;